/Users/zhouziyang/Documents/LMU/Studium/Informatik/Bachelorarbeit/venv/bin/python /Users/zhouziyang/Documents/LMU/Studium/Informatik/Bachelorarbeit/Repo/Vis-Tuning/src/training/crawling3.py
Movie 3028: tt1921149
[9939, 9946, 9949, 9952, 9961, 9971, 9970, 9971, 9969, 9970]
Sum: 99598
Movie 3029: tt0962726
[9943, 9950, 9951, 9956, 9965, 9975, 9974, 9975, 9973, 9974]
Sum: 99636
Movie 3030: tt0964517
[9947, 9953, 9953, 9960, 9969, 9979, 9978, 9979, 9977, 9978]
Sum: 99673
Movie 3031: tt0493430
[9951, 9957, 9955, 9964, 9973, 9983, 9982, 9983, 9981, 9982]
Sum: 99711
Movie 3032: tt0104952
[9952, 9957, 9956, 9964, 9974, 9987, 9986, 9987, 9985, 9986]
Sum: 99734
Movie 3033: tt1355630
[9956, 9961, 9958, 9968, 9978, 9991, 9990, 9991, 9989, 9990]
Sum: 99772
Movie 3034: tt2968804
[9960, 9962, 9962, 9972, 9982, 9992, 9993, 9995, 9990, 9992]
Sum: 99800
Movie 3035: tt0097815
[9960, 9963, 9962, 9972, 9982, 9996, 9997, 9999, 9994, 9996]
Sum: 99821
Movie 3036: tt0964587
[9964, 9967, 9966, 9976, 9986, 10000, 10000, 10000, 9998, 10000]
Sum: 99857
Movie 3037: tt0183649
[9968, 9971, 9970, 9980, 9990, 10000, 10000, 10000, 10000, 10000]
Sum: 99879
Movie 3038: tt0281358
[9972, 9975, 9974, 9984, 9994, 10000, 10000, 10000, 10000, 10000]
Sum: 99899
Movie 3039: tt0112818
[9974, 9975, 9977, 9986, 9998, 10000, 10000, 10000, 10000, 10000]
Sum: 99910
Movie 3040: tt0139134
[9978, 9979, 9981, 9990, 10000, 10000, 10000, 10000, 10000, 10000]
Sum: 99928
Movie 3041: tt1233227
[9980, 9983, 9985, 9994, 10000, 10000, 10000, 10000, 10000, 10000]
Sum: 99942
Movie 3042: tt0082517
[9984, 9986, 9989, 9998, 10000, 10000, 10000, 10000, 10000, 10000]
Sum: 99957
Movie 3043: tt0416212
[9986, 9986, 9993, 10000, 10000, 10000, 10000, 10000, 10000, 10000]
Sum: 99965
Movie 3044: tt0250310
[9990, 9987, 9997, 10000, 10000, 10000, 10000, 10000, 10000, 10000]
Sum: 99974
Movie 3045: tt0105217
[9994, 9989, 10000, 10000, 10000, 10000, 10000, 10000, 10000, 10000]
Sum: 99983
Movie 3046: tt0077531
[9995, 9989, 10000, 10000, 10000, 10000, 10000, 10000, 10000, 10000]
Sum: 99984
Movie 3047: tt0091276
[9999, 9992, 10000, 10000, 10000, 10000, 10000, 10000, 10000, 10000]
Sum: 99991
Movie 3048: tt2381111
[10000, 9996, 10000, 10000, 10000, 10000, 10000, 10000, 10000, 10000]
Sum: 99996
Movie 3049: tt0072684
[10000, 10000, 10000, 10000, 10000, 10000, 10000, 10000, 10000, 10000]
Sum: 100000

Process finished with exit code 0
